# lo hi selected others
  14.83976   19.28970    0.01614    0.00118
  19.28970   20.21623    0.07754    0.00691
  20.21623   20.98628    0.09143    0.01297
  20.98628   21.54352    0.12892    0.01936
  21.54352   22.17455    0.11385    0.02679
  22.17455   22.60491    0.16359    0.04488
  22.60491   23.15657    0.13022    0.05561
  23.15657   23.66729    0.14066    0.08086
  23.66729   24.08724    0.16764    0.10907
  24.08724   24.57913    0.14605    0.13921
  24.57913   25.13366    0.12955    0.17343
  25.13366   25.66400    0.13275    0.21787
  25.66400   26.43958    0.09263    0.26624
  26.43958   29.04431    0.02703    0.12390
  29.04431   33.06783    0.00036    0.00103
