# lo hi selected others
  13.29140   17.73400    0.01607    0.00185
  17.73400   18.52400    0.09036    0.00987
  18.52400   18.92470    0.17816    0.02354
  18.92470   19.22300    0.23932    0.03896
  19.22300   19.45100    0.31310    0.05319
  19.45100   19.66140    0.33930    0.06811
  19.66140   19.88270    0.32259    0.08190
  19.88270   20.12210    0.29819    0.09726
  20.12210   20.32500    0.34905    0.11350
  20.32500   20.56430    0.30069    0.12646
  20.56430   20.89170    0.21631    0.14572
  20.89170   21.27660    0.18694    0.16954
  21.27660   21.90260    0.11404    0.21017
  21.90260   23.84790    0.03699    0.30701
