# lo hi selected others
  15.31898   18.88694    0.02029    0.00145
  18.88694   19.55225    0.10678    0.00966
  19.55225   20.15346    0.11816    0.01782
  20.15346   20.67799    0.13543    0.02634
  20.67799   21.21703    0.13432    0.03032
  21.21703   21.70011    0.14705    0.04033
  21.70011   22.31532    0.11547    0.05182
  22.31532   22.84395    0.13438    0.07320
  22.84395   23.43909    0.11936    0.09633
  23.43909   24.18294    0.09734    0.13347
  24.18294   24.80493    0.11421    0.16675
  24.80493   25.49285    0.10326    0.20813
  25.49285   26.43572    0.07534    0.20605
  26.43572   31.22320    0.01484    0.05347
  31.22320   36.30065    0.00027    0.00072
