# lo hi selected others
  24.18000   24.22929   10.14492    0.58425
  24.22929   24.27857    0.00000    0.60217
  24.27857   24.32786    0.00000    0.60016
  24.32786   24.37714    0.00000    0.62749
  24.37714   24.42643    0.00000    0.63199
  24.42643   24.47571    0.00000    0.63137
  24.47571   24.52500    0.00000    0.63732
  24.52500   24.57429    0.00000    0.63608
  24.57429   24.62357    0.00000    0.64106
  24.62357   24.67286    0.00000    0.64659
  24.67286   24.72214    0.00000    0.65019
  24.72214   24.77143    0.00000    0.64514
  24.77143   24.82072    0.00000    0.65767
  24.82072   24.87000    0.00000    0.51719
  24.87000   37.67000    0.03906    0.04459
