# lo hi selected others
  10.76000   18.57857    0.00917    0.00148
  18.57857   20.00000    0.04926    0.01141
  20.00000   20.59286    0.12286    0.02232
  20.59286   21.00000    0.17058    0.03093
  21.00000   21.45143    0.16261    0.04341
  21.45143   21.87000    0.16862    0.05720
  21.87000   22.25000    0.18723    0.07776
  22.25000   22.66000    0.16940    0.10274
  22.66000   23.02000    0.20233    0.13427
  23.02000   23.41000    0.18532    0.17417
  23.41000   23.83000    0.16940    0.22704
  23.83000   24.32000    0.14520    0.28561
  24.32000   24.98000    0.10865    0.33256
  24.98000   26.65000    0.04328    0.15576
